Xuat ma tran A ra file: 
      1.00       2.00       3.00       4.00 
      5.00       6.00       7.00       8.00 
      9.00      10.00      11.00      12.00 
     13.00      14.00      15.00      16.00 
--------------------------
Xuat ma tran B ra file: 
      1.00       2.00       3.00       4.00 
      4.00       5.00       6.00       4.00 
      9.00       8.00       7.00       4.00 
      5.00       2.00       3.00       4.00 
--------------------------
Tong cua ma tran A va ma tran B la: 
      2.00       4.00       6.00       8.00 
      9.00      11.00      13.00      12.00 
     18.00      18.00      18.00      16.00 
     18.00      16.00      18.00      20.00 
--------------------------
Tich cua ma tran A va ma tran B la: 
     56.00      44.00      48.00      40.00 
    132.00     112.00     124.00     104.00 
    208.00     180.00     200.00     168.00 
    284.00     248.00     276.00     232.00 
--------------------------
Ma tran tich sau khi hoan doi hai cot 3 va 1 la: 
     56.00      40.00      48.00      44.00 
    132.00     104.00     124.00     112.00 
    208.00     168.00     200.00     180.00 
    284.00     232.00     276.00     248.00 
